0 0.427083 0.514706 0.018382 0.029412
0 0.469363 0.547488 0.026961 0.026961
0 0.480392 0.542433 0.029412 0.029718
0 0.689951 0.008425 0.025327 0.016850
0 0.565359 0.283548 0.038399 0.011949
0 0.583129 0.315257 0.013480 0.026961
0 0.522263 0.287531 0.015931 0.023591
0 0.374387 0.768076 0.037990 0.033701
0 0.693832 0.023744 0.020833 0.013787
0 0.644199 0.055913 0.026144 0.021140
0 0.715074 0.021140 0.032271 0.018995
0 0.660948 0.046415 0.009804 0.011336
0 0.674632 0.049020 0.016748 0.010417
0 0.691176 0.052543 0.025327 0.012561
0 0.627451 0.127451 0.011438 0.010417
0 0.662582 0.125766 0.017974 0.011336
0 0.625204 0.150888 0.014297 0.011336
0 0.599060 0.162224 0.011029 0.006434
0 0.626430 0.170956 0.008578 0.006127
0 0.607843 0.203431 0.018791 0.012255
0 0.582925 0.183670 0.008170 0.007047
0 0.555964 0.314032 0.035948 0.013480
0 0.569036 0.328891 0.031046 0.008885
0 0.578431 0.361060 0.023693 0.008272
0 0.626225 0.347580 0.005719 0.007047
0 0.811070 0.261489 0.028186 0.014400
0 0.709967 0.566483 0.020425 0.015319
0 0.577410 0.482230 0.014297 0.016544
0 0.626430 0.251532 0.011029 0.010417
0 0.390319 0.680300 0.037173 0.022365
0 0.404820 0.588695 0.008170 0.006434
0 0.470792 0.422794 0.027369 0.021446
0 0.450572 0.582108 0.043301 0.027574
0 0.479779 0.579657 0.014297 0.011642
0 0.589257 0.482537 0.013480 0.009191
0 0.577614 0.449908 0.004902 0.006434
0 0.431985 0.491422 0.011846 0.017770
0 0.308211 0.780944 0.015931 0.012868
0 0.305147 0.844056 0.026961 0.028186
0 0.410948 0.620251 0.012255 0.013174
0 0.436479 0.529565 0.016748 0.005821
0 0.510825 0.451287 0.029003 0.022059
0 0.318423 0.900429 0.028186 0.014093
0 0.226103 0.952665 0.013480 0.011336
0 0.299837 0.822917 0.014706 0.011029
0 0.411969 0.682138 0.007761 0.023591
0 0.363358 0.690104 0.011029 0.012561
0 0.327819 0.861213 0.009395 0.015931
0 0.335376 0.778186 0.031046 0.023284
0 0.330065 0.841299 0.010621 0.007353
0 0.320261 0.829657 0.006536 0.007966
0 0.460784 0.436275 0.012255 0.006740
0 0.382557 0.716912 0.032271 0.018995
0 0.376634 0.730392 0.019608 0.012868
0 0.354779 0.761949 0.006944 0.009191
0 0.364583 0.735141 0.010212 0.008885
0 0.388072 0.746170 0.029412 0.016850
0 0.319444 0.818627 0.008987 0.008578
0 0.361928 0.843903 0.010621 0.013174
0 0.324346 0.913909 0.016340 0.012255
0 0.342933 0.916207 0.015931 0.016850
0 0.280637 0.978554 0.015523 0.009191
0 0.273284 0.990502 0.013889 0.011029
0 0.648489 0.104320 0.018382 0.011949
0 0.629493 0.181679 0.035131 0.017157
0 0.723652 0.007047 0.046977 0.014093
0 0.519404 0.352788 0.024918 0.019914
0 0.543096 0.486060 0.024101 0.018689
0 0.475694 0.507659 0.029820 0.022059
0 0.501225 0.519608 0.036765 0.025123
0 0.478554 0.484069 0.033088 0.023897
0 0.396446 0.655178 0.042075 0.027880
0 0.528186 0.471201 0.027778 0.020833
0 0.787173 0.323376 0.028595 0.009498
0 0.804943 0.206342 0.012663 0.015012
0 0.880310 0.060202 0.019608 0.010110
0 0.904820 0.490656 0.019608 0.022365
0 0.433211 0.651654 0.008578 0.006127
0 0.404412 0.748468 0.009804 0.013480
0 0.480596 0.382200 0.006127 0.024203
0 0.470588 0.402420 0.008170 0.022978
0 0.363766 0.863664 0.011029 0.038603
0 0.575163 0.210938 0.012255 0.017463
0 0.358864 0.860907 0.008578 0.006740
0 0.358252 0.770221 0.006536 0.004902
0 0.348652 0.791820 0.007761 0.006434
0 0.353350 0.803768 0.006536 0.006434
0 0.293913 0.993719 0.006944 0.006434
0 0.334967 0.874234 0.007353 0.005821
0 0.340074 0.813879 0.005310 0.005821