0 0.500548 0.045500 0.066886 0.012500
0 0.504112 0.467250 0.110197 0.023500
0 0.541667 0.492750 0.008772 0.011000
0 0.660088 0.477000 0.024123 0.009000
0 0.265351 0.573250 0.013158 0.013000
0 0.374178 0.618250 0.030154 0.010500
0 0.377467 0.622125 0.020285 0.007250
0 0.205318 0.725500 0.050987 0.008000
0 0.223410 0.712875 0.021382 0.014750
0 0.120340 0.792250 0.022478 0.019000
0 0.358827 0.950625 0.044408 0.015750
0 0.691612 0.937250 0.031250 0.015000
0 0.253289 0.572000 0.012061 0.009500
0 0.574836 0.463375 0.015899 0.009750
0 0.628838 0.395250 0.010965 0.006000
0 0.639254 0.078625 0.014254 0.003250
0 0.944901 0.957750 0.041118 0.036000
0 0.528783 0.798375 0.034539 0.028250
0 0.081414 0.731375 0.042215 0.024750
0 0.236294 0.746500 0.063596 0.017500
0 0.022752 0.767125 0.024671 0.011250