0 0.601920 0.227022 0.042075 0.051471
0 0.428513 0.217218 0.016340 0.010417
0 0.640114 0.155944 0.013072 0.011642
0 0.324346 0.329657 0.010621 0.016544
0 0.376430 0.321691 0.010212 0.010417
0 0.479779 0.347120 0.013480 0.014093
0 0.514502 0.377604 0.016748 0.037684
0 0.488154 0.369179 0.008987 0.006127
0 0.484681 0.253830 0.019199 0.007047
0 0.565564 0.326287 0.014297 0.007353
0 0.566993 0.344363 0.009804 0.007353
0 0.428105 0.482537 0.020425 0.013480
0 0.426062 0.430300 0.011438 0.013174
0 0.467525 0.491728 0.025735 0.018382
0 0.451593 0.738817 0.090278 0.100184
0 0.631740 0.706648 0.102533 0.088542
0 0.420752 0.780637 0.028595 0.019608
0 0.443423 0.783548 0.029003 0.016850
0 0.518791 0.626532 0.014706 0.008578
0 0.582108 0.626379 0.014706 0.013787
0 0.329453 0.589920 0.010212 0.011949
0 0.550654 0.934130 0.022876 0.026348
0 0.582312 0.434283 0.005310 0.011336
0 0.393791 0.075674 0.009804 0.013480
0 0.504902 0.362439 0.010621 0.012255
0 0.107230 0.321385 0.027369 0.017770
0 0.625408 0.567862 0.010621 0.018689
0 0.131127 0.200980 0.016340 0.017157