0 0.751096 0.444125 0.103070 0.031750
0 0.706140 0.583000 0.007675 0.006000
0 0.729715 0.601125 0.007675 0.007250
0 0.753015 0.685125 0.018092 0.009250
0 0.819353 0.915125 0.047697 0.007250
0 0.779057 0.873250 0.012061 0.015500
0 0.790022 0.884375 0.016447 0.013750
0 0.796875 0.883000 0.014803 0.013500
0 0.787007 0.901250 0.018092 0.014000
0 0.814419 0.831125 0.026864 0.003750
0 0.802357 0.767625 0.015899 0.011250
0 0.797697 0.783750 0.021930 0.010000
0 0.770833 0.660875 0.021930 0.006750
0 0.649123 0.141750 0.014254 0.004000
0 0.793586 0.672000 0.046601 0.017500