0 0.266850 0.512051 0.046569 0.123775
0 0.309436 0.500408 0.047181 0.136438
0 0.350950 0.508987 0.048713 0.144608
0 0.397365 0.534314 0.049020 0.124183
0 0.439645 0.521038 0.049020 0.139297
0 0.479933 0.502859 0.043199 0.130719
0 0.521293 0.502859 0.043199 0.145425
0 0.563572 0.528595 0.046875 0.146242
0 0.604320 0.529208 0.043199 0.194036
0 0.671569 0.556577 0.061887 0.134395
0 0.520221 0.621528 0.113971 0.060866
0 0.413143 0.620302 0.100184 0.054330
0 0.303309 0.616422 0.113971 0.060458
0 0.246017 0.597631 0.028186 0.035948
0 0.316483 0.554943 0.015931 0.019199
0 0.352328 0.573325 0.012255 0.008578
0 0.431219 0.578431 0.013174 0.008170
0 0.477788 0.553922 0.010110 0.010621
0 0.521906 0.565359 0.010723 0.006536
0 0.448376 0.337418 0.024816 0.015523
0 0.414062 0.341095 0.037684 0.022059
0 0.386795 0.352328 0.023591 0.037990
0 0.650735 0.391340 0.022672 0.035131
0 0.611673 0.906658 0.006434 0.023284
0 0.606618 0.617851 0.020221 0.015114