0 0.076823 0.286865 0.138021 0.043457
0 0.087240 0.342529 0.066406 0.050293
0 0.135091 0.393799 0.070964 0.054199
0 0.127604 0.472168 0.239583 0.014648
0 0.271159 0.279541 0.078776 0.025879
0 0.366536 0.427979 0.018229 0.035645
0 0.268555 0.682861 0.119141 0.140137
0 0.887370 0.550537 0.082031 0.108887
0 0.563802 0.748047 0.108073 0.102539
0 0.897461 0.693359 0.130859 0.070312
0 0.640299 0.499512 0.046224 0.046875
0 0.735026 0.528320 0.222656 0.129883
0 0.762044 0.373291 0.033203 0.032715
0 0.893229 0.423584 0.106771 0.074707
0 0.694336 0.470947 0.034505 0.040527
0 0.767578 0.589111 0.026042 0.035645
0 0.789388 0.983154 0.007161 0.028809
0 0.717122 0.985352 0.076172 0.027344
0 0.095052 0.951904 0.065104 0.027832
0 0.418945 0.421387 0.185547 0.065430
0 0.140951 0.158203 0.151693 0.117188
0 0.343424 0.313965 0.048828 0.027344
0 0.325846 0.637695 0.030599 0.013672
0 0.369792 0.632812 0.018229 0.030273
0 0.117839 0.765869 0.029948 0.025879
0 0.833008 0.847656 0.022786 0.025391
0 0.453451 0.632080 0.027995 0.026855
0 0.689128 0.424805 0.014974 0.019531
0 0.777018 0.408936 0.037109 0.018066