0 0.071844 0.018995 0.143689 0.037990
0 0.677543 0.454657 0.043811 0.020425
0 0.803156 0.478350 0.010723 0.004902
0 0.220588 0.523693 0.012868 0.006536
0 0.626838 0.473243 0.007353 0.006127
0 0.753830 0.541871 0.012561 0.009395
0 0.921415 0.556577 0.008885 0.007761
0 0.732537 0.433619 0.008578 0.015114
0 0.454197 0.413399 0.019301 0.020425
0 0.468137 0.425449 0.020221 0.011029
0 0.244945 0.425858 0.016850 0.027369
0 0.135876 0.507149 0.010723 0.005310
0 0.057445 0.438930 0.015012 0.016748
0 0.620098 0.535335 0.009191 0.007761
0 0.813113 0.565972 0.017770 0.011029
0 0.864890 0.465686 0.036152 0.017157
0 0.855239 0.429330 0.035846 0.017157
0 0.921569 0.464257 0.011642 0.007761
0 0.920190 0.507557 0.023591 0.011029
0 0.685815 0.426062 0.015012 0.007353
0 0.523744 0.474673 0.008272 0.006536
0 0.487592 0.435866 0.010723 0.007353