0 0.050625 0.170333 0.048750 0.021333
0 0.160625 0.548667 0.093750 0.111333
0 0.109000 0.479167 0.037500 0.039667
0 0.237750 0.614500 0.089000 0.079667
0 0.329250 0.620000 0.169000 0.127333
0 0.433875 0.663167 0.091750 0.135667
0 0.361875 0.847667 0.168750 0.188000
0 0.736125 0.148833 0.073250 0.053667
0 0.569375 0.463667 0.034750 0.031333
0 0.637500 0.563667 0.015500 0.014000
0 0.701625 0.533000 0.013250 0.018000
0 0.767750 0.526500 0.014000 0.021000
0 0.878500 0.562333 0.043500 0.034667
0 0.550250 0.194000 0.013000 0.023333
0 0.558500 0.202833 0.011500 0.018333
0 0.214750 0.536167 0.034500 0.027000
0 0.102625 0.630167 0.044250 0.067000
0 0.217500 0.678500 0.043500 0.031000
0 0.684750 0.968833 0.082000 0.059667
0 0.898875 0.677000 0.060750 0.048667
0 0.649125 0.465667 0.037250 0.042000
0 0.684375 0.399333 0.036750 0.030000
0 0.699875 0.515000 0.024750 0.038667
0 0.345250 0.421833 0.018500 0.023667
0 0.436500 0.512000 0.039500 0.037333
0 0.406000 0.565000 0.041000 0.072000
0 0.354500 0.573333 0.036500 0.034667
0 0.418750 0.589667 0.033500 0.044000
0 0.384500 0.585000 0.026500 0.018000
0 0.578000 0.685000 0.038000 0.036000
0 0.583750 0.914000 0.046500 0.044667
0 0.351375 0.520000 0.025250 0.033333
0 0.355750 0.506833 0.018500 0.027667
0 0.625000 0.542000 0.030500 0.018000
0 0.866625 0.562333 0.055750 0.046667
0 0.222125 0.780167 0.024250 0.027000
0 0.678125 0.912167 0.016750 0.019667