0 0.357230 0.617647 0.063113 0.046569
0 0.948376 0.694036 0.045037 0.021242
0 0.515165 0.719363 0.048100 0.026961
0 0.461703 0.606618 0.023897 0.029412
0 0.850184 0.519199 0.019608 0.023693
0 0.679688 0.510825 0.008272 0.011846
0 0.302849 0.065564 0.016850 0.012663
0 0.544271 0.089052 0.015012 0.008987
0 0.468750 0.807394 0.006127 0.011029
0 0.502145 0.764502 0.008578 0.006944
0 0.013480 0.800858 0.024510 0.022467
0 0.212623 0.806373 0.093137 0.065359
0 0.157782 0.815564 0.064338 0.054330
0 0.563879 0.045956 0.032169 0.034722
0 0.395374 0.519608 0.007659 0.005719
0 0.067096 0.757966 0.054534 0.045343
0 0.024050 0.823121 0.048100 0.058007
0 0.499081 0.755719 0.027574 0.084150
0 0.252757 0.783292 0.096814 0.091095
0 0.606618 0.790850 0.003676 0.017974